T 0 255 255
H 0 0 0
  0 0 16
  0 0 32
  0 0 48
  0 0 64
  0 0 96
  0 0 128
  0 0 160
  0 0 192
  0 0 224
H 0 0 255
  0 16 0
  0 16 16
  0 24 0
  0 24 24
  0 32 0
  0 32 32
  0 32 64
  0 42 84
  0 48 0
  0 48 24
  0 48 48
  0 48 96
  0 64 0
  0 64 128
  0 64 32
  0 64 64
  0 80 160
  0 96 0
  0 96 192
  0 96 48
  0 96 96
  0 112 224
  0 128 0
  0 128 128
H 0 128 255
  0 128 64
  0 145 0
  0 160 0
  0 160 160
  0 160 80
H 0 182 255
  0 192 0
  0 192 192
  0 192 96
  0 224 0
  0 224 112
  0 224 224
H 0 253 253
H 0 255 0
H 0 255 128
  16 0 0
  16 0 16
  16 16 0
  16 16 16
  24 0 0
  24 24 0
  24 24 48
  24 48 0
  24 48 24
  24 48 48
  32 0 0
  32 0 32
  32 16 0
  32 32 32
  32 64 0
  32 64 32
  32 64 64
  42 65 65
  48 0 0
  48 0 48
  48 12 0
  48 24 0
  48 24 24
  48 36 0
  48 48 0
  48 48 24
  48 48 48
  48 48 96
  48 96 0
  48 96 48
  48 96 96
  57 88 88
  64 0 0
  64 0 128
  64 0 32
  64 0 64
  64 128 0
  64 128 128
  64 128 64
  64 16 0
  64 32 0
  64 32 32
  64 32 64
  64 48 0
  64 64 0
  64 64 128
  64 64 32
  64 64 64
  71 108 108
  80 0 160
  80 160 0
  80 160 160
  80 160 80
  80 80 160
  80 80 80
  96 0 0
  96 0 192
  96 0 48
  96 0 96
  96 128 128
  96 128 96
  96 192 0
  96 192 192
  96 192 96
  96 24 0
  96 48 0
  96 48 48
  96 48 96
  96 72 0
  96 96 0
  96 96 128
  96 96 192
  96 96 48
  96 96 96
H 100 160 160
  104 84 31
H 108 145 182
H 108 255 0
  112 0 224
  112 112 112
  112 112 224
  112 224 0
  112 224 112
  112 224 224
  117 105 88
  120 120 160
  120 160 120
  120 160 160
  127 90 72
  128 0 0
  128 0 64
  128 0 128
H 128 0 255
  128 32 0
  128 64 0
  128 64 128
  128 64 64
  128 96 0
  128 96 128
  128 96 96
H 128 112 32
  128 128 0
  128 128 128
H 128 128 255
  128 128 64
  128 128 96
H 128 255 0
H 128 255 128
H 128 255 255
  142 16 0
  144 144 144
  144 144 192
  144 192 144
  144 192 192
  145 135 110
  145 71 0
  160 0 0
  160 0 160
  160 0 80
  160 120 0
  160 120 120
  160 120 160
  160 160 0
  160 160 120
  160 160 160
  160 160 80
  160 40 0
  160 80 0
  160 80 160
  160 80 80
  165 118 94
  168 168 224
  168 224 168
  168 224 224
  170 136 52
H 171 154 129
  176 176 176
  182 71 0
  192 0 0
  192 0 192
  192 0 96
  192 144 0
  192 144 144
  192 144 192
  192 160 64
  192 192 0
  192 192 144
  192 192 192
H 192 192 255
  192 192 96
H 192 255 192
H 192 255 255
  192 48 0
  192 96 0
  192 96 192
  192 96 96
  201 23 0
  202 143 114
  204 79 0
H 208 168 80
  208 208 208
  213 118 0
H 218 218 182
  224 0 0
  224 0 112
  224 0 224
  224 112 0
  224 112 112
H 224 112 224
  224 168 0
  224 168 168
  224 168 224
  224 192 160
  224 224 0
  224 224 112
  224 224 168
  224 224 224
  224 56 0
  229 162 130
H 236 145 0
  240 240 240
H 242 196 77
H 248 224 96
H 252 252 153
H 255 0 0
H 255 0 128
H 255 0 255
H 255 30 0
H 255 64 0
H 255 108 0
H 255 128 0
H 255 128 128
H 255 135 119
H 255 182 145
H 255 192 0
H 255 192 192
H 255 192 255
H 255 211 175
H 255 255 0
H 255 255 128
H 255 255 192
H 255 255 255
