rgb 0 0 0	 hue   0   0   0
rgb 16 16 16     hue   0   0  16
rgb 32 32 32     hue   0   0  32
rgb 48 48 48     hue   0   0  48
rgb 64 64 64     hue   0   0  64
rgb 80 80 80     hue   0   0  80
rgb 96 96 96     hue   0   0  96
rgb 112 112 112  hue   0   0 112
rgb 128 128 128  hue   0   0 128
rgb 144 144 144  hue   0   0 144
rgb 160 160 160  hue   0   0 160
rgb 176 176 176  hue   0   0 176
rgb 192 192 192  hue   0   0 192
rgb 208 208 208  hue   0   0 208
rgb 224 224 224  hue   0   0 224
rgb 240 240 240  hue   0   0 240
rgb 255 255 255  hue   0   0 255
rgb 128 96 96    hue   0  63 128
rgb 160 120 120  hue   0  63 160
rgb 192 144 144  hue   0  63 192
rgb 224 168 168  hue   0  63 224
rgb 255 192 192  hue   0  63 255
rgb 48 24 24     hue   0 127  48
rgb 64 32 32     hue   0 127  64
rgb 96 48 48     hue   0 127  96
rgb 128 64 64    hue   0 127 128
rgb 160 80 80    hue   0 127 160
rgb 192 96 96    hue   0 127 192
rgb 224 112 112  hue   0 127 224
rgb 255 128 128  hue   0 127 255
rgb 16 0 0       hue   0 255  16
rgb 24 0 0       hue   0 255  24
rgb 32 0 0       hue   0 255  32
rgb 48 0 0       hue   0 255  48
rgb 64 0 0       hue   0 255  64
rgb 96 0 0       hue   0 255  96
rgb 128 0 0      hue   0 255 128
rgb 160 0 0      hue   0 255 160
rgb 192 0 0      hue   0 255 192
rgb 224 0 0      hue   0 255 224
rgb 255 0 0      hue   0 255 255
rgb 255 135 119  hue   8 136 255
rgb 142 16 0     hue   8 255 142
rgb 201 23 0     hue   8 255 201
rgb 255 30 0     hue   8 255 255
rgb 48 12 0      hue  16 255  48
rgb 64 16 0      hue  16 255  64
rgb 96 24 0      hue  16 255  96
rgb 128 32 0     hue  16 255 128
rgb 160 40 0     hue  16 255 160
rgb 192 48 0     hue  16 255 192
rgb 224 56 0     hue  16 255 224
rgb 255 64 0     hue  16 255 255
rgb 165 118 94   hue  21 109 165
rgb 127 90 72    hue  21 110 127
rgb 229 162 130  hue  21 110 229
rgb 255 182 145  hue  21 110 255
rgb 202 143 114  hue  21 111 202
rgb 182 71 0     hue  25 255 182
rgb 204 79 0     hue  25 255 204
rgb 255 108 0    hue  25 255 255
rgb 224 192 160  hue  30  75 224
rgb 255 211 175  hue  30  75 255
rgb 32 16 0      hue  30 255  32
rgb 48 24 0      hue  30 255  48
rgb 64 32 0      hue  30 255  64
rgb 96 48 0      hue  30 255  96
rgb 128 64 0     hue  30 255 128
rgb 145 71 0     hue  30 255 145
rgb 160 80 0     hue  30 255 160
rgb 192 96 0     hue  30 255 192
rgb 224 112 0    hue  30 255 224
rgb 255 128 0    hue  30 255 255
rgb 213 118 0    hue  34 255 213
rgb 117 105 88   hue  36  63 117
rgb 171 154 129  hue  36  63 171
rgb 236 145 0    hue  38 255 236
rgb 208 168 80   hue  42 156 208
rgb 145 135 110  hue  45  61 145
rgb 104 84 31    hue  45 177 104
rgb 170 136 52   hue  45 177 170
rgb 192 160 64   hue  45 177 192
rgb 242 196 77   hue  45 177 242
rgb 48 36 0      hue  45 255  48
rgb 64 48 0      hue  45 255  64
rgb 96 72 0      hue  45 255  96
rgb 128 96 0     hue  45 255 128
rgb 160 120 0    hue  45 255 160
rgb 192 144 0    hue  45 255 192
rgb 224 168 0    hue  45 255 224
rgb 255 192 0    hue  45 255 255
rgb 248 224 96   hue  51 156 248
rgb 128 112 32   hue  51 191 128
rgb 218 218 182  hue  60  42 218
rgb 128 128 96   hue  60  63 128
rgb 160 160 120  hue  60  63 160
rgb 192 192 144  hue  60  63 192
rgb 224 224 168  hue  60  63 224
rgb 255 255 192  hue  60  63 255
rgb 252 252 153  hue  60 100 252
rgb 48 48 24     hue  60 127  48
rgb 64 64 32     hue  60 127  64
rgb 96 96 48     hue  60 127  96
rgb 128 128 64   hue  60 127 128
rgb 160 160 80   hue  60 127 160
rgb 192 192 96   hue  60 127 192
rgb 224 224 112  hue  60 127 224
rgb 255 255 128  hue  60 127 255
rgb 16 16 0      hue  60 255  16
rgb 24 24 0      hue  60 255  24
rgb 48 48 0      hue  60 255  48
rgb 64 64 0      hue  60 255  64
rgb 96 96 0      hue  60 255  96
rgb 128 128 0    hue  60 255 128
rgb 160 160 0    hue  60 255 160
rgb 192 192 0    hue  60 255 192
rgb 224 224 0    hue  60 255 224
rgb 255 255 0    hue  60 255 255
rgb 24 48 0      hue  90 255  48
rgb 32 64 0      hue  90 255  64
rgb 48 96 0      hue  90 255  96
rgb 64 128 0     hue  90 255 128
rgb 80 160 0     hue  90 255 160
rgb 96 192 0     hue  90 255 192
rgb 112 224 0    hue  90 255 224
rgb 128 255 0    hue  90 255 255
rgb 108 255 0    hue  96 255 255
rgb 96 128 96    hue 120  63 128
rgb 120 160 120  hue 120  63 160
rgb 144 192 144  hue 120  63 192
rgb 168 224 168  hue 120  63 224
rgb 192 255 192  hue 120  63 255
rgb 24 48 24     hue 120 127  48
rgb 32 64 32     hue 120 127  64
rgb 48 96 48     hue 120 127  96
rgb 64 128 64    hue 120 127 128
rgb 80 160 80    hue 120 127 160
rgb 96 192 96    hue 120 127 192
rgb 112 224 112  hue 120 127 224
rgb 128 255 128  hue 120 127 255
rgb 0 16 0       hue 120 255  16
rgb 0 24 0       hue 120 255  24
rgb 0 32 0       hue 120 255  32
rgb 0 48 0       hue 120 255  48
rgb 0 64 0       hue 120 255  64
rgb 0 96 0       hue 120 255  96
rgb 0 128 0      hue 120 255 128
rgb 0 145 0      hue 120 255 145
rgb 0 160 0      hue 120 255 160
rgb 0 192 0      hue 120 255 192
rgb 0 224 0      hue 120 255 224
rgb 0 255 0      hue 120 255 255
rgb 0 48 24      hue 150 255  48
rgb 0 64 32      hue 150 255  64
rgb 0 96 48      hue 150 255  96
rgb 0 128 64     hue 150 255 128
rgb 0 160 80     hue 150 255 160
rgb 0 192 96     hue 150 255 192
rgb 0 224 112    hue 150 255 224
rgb 0 255 128    hue 150 255 255
rgb 96 128 128   hue 180  63 128
rgb 120 160 160  hue 180  63 160
rgb 144 192 192  hue 180  63 192
rgb 168 224 224  hue 180  63 224
rgb 192 255 255  hue 180  63 255
rgb 71 108 108   hue 180  87 108
rgb 57 88 88     hue 180  89  88
rgb 42 65 65     hue 180  90  65
rgb 100 160 160  hue 180  95 160
rgb 24 48 48     hue 180 127  48
rgb 32 64 64     hue 180 127  64
rgb 48 96 96     hue 180 127  96
rgb 64 128 128   hue 180 127 128
rgb 80 160 160   hue 180 127 160
rgb 96 192 192   hue 180 127 192
rgb 112 224 224  hue 180 127 224
rgb 128 255 255  hue 180 127 255
rgb 0 16 16      hue 180 255  16
rgb 0 24 24      hue 180 255  24
rgb 0 32 32      hue 180 255  32
rgb 0 48 48      hue 180 255  48
rgb 0 64 64      hue 180 255  64
rgb 0 96 96      hue 180 255  96
rgb 0 128 128    hue 180 255 128
rgb 0 160 160    hue 180 255 160
rgb 0 192 192    hue 180 255 192
rgb 0 224 224    hue 180 255 224
rgb 0 253 253    hue 180 255 253
rgb 0 182 255    hue 195 255 255
rgb 108 145 182  hue 210 103 182
rgb 0 32 64      hue 210 255  64
rgb 0 42 84      hue 210 255  84
rgb 0 48 96      hue 210 255  96
rgb 0 64 128     hue 210 255 128
rgb 0 80 160     hue 210 255 160
rgb 0 96 192     hue 210 255 192
rgb 0 112 224    hue 210 255 224
rgb 0 128 255    hue 210 255 255
rgb 96 96 128    hue 240  63 128
rgb 120 120 160  hue 240  63 160
rgb 144 144 192  hue 240  63 192
rgb 168 168 224  hue 240  63 224
rgb 192 192 255  hue 240  63 255
rgb 24 24 48     hue 240 127  48
rgb 48 48 96     hue 240 127  96
rgb 64 64 128    hue 240 127 128
rgb 80 80 160    hue 240 127 160
rgb 96 96 192    hue 240 127 192
rgb 112 112 224  hue 240 127 224
rgb 128 128 255  hue 240 127 255
rgb 0 0 16       hue 240 255  16
rgb 0 0 32       hue 240 255  32
rgb 0 0 48       hue 240 255  48
rgb 0 0 64       hue 240 255  64
rgb 0 0 96       hue 240 255  96
rgb 0 0 128      hue 240 255 128
rgb 0 0 160      hue 240 255 160
rgb 0 0 192      hue 240 255 192
rgb 0 0 224      hue 240 255 224
rgb 0 0 255      hue 240 255 255
rgb 64 0 128     hue 270 255 128
rgb 80 0 160     hue 270 255 160
rgb 96 0 192     hue 270 255 192
rgb 112 0 224    hue 270 255 224
rgb 128 0 255    hue 270 255 255
rgb 128 96 128   hue 300  63 128
rgb 160 120 160  hue 300  63 160
rgb 192 144 192  hue 300  63 192
rgb 224 168 224  hue 300  63 224
rgb 255 192 255  hue 300  63 255
rgb 64 32 64     hue 300 127  64
rgb 96 48 96     hue 300 127  96
rgb 128 64 128   hue 300 127 128
rgb 160 80 160   hue 300 127 160
rgb 192 96 192   hue 300 127 192
rgb 224 112 224  hue 300 127 224
rgb 16 0 16      hue 300 255  16
rgb 32 0 32      hue 300 255  32
rgb 48 0 48      hue 300 255  48
rgb 64 0 64      hue 300 255  64
rgb 96 0 96      hue 300 255  96
rgb 128 0 128    hue 300 255 128
rgb 160 0 160    hue 300 255 160
rgb 192 0 192    hue 300 255 192
rgb 224 0 224    hue 300 255 224
rgb 255 0 255    hue 300 255 255
rgb 64 0 32      hue 330 255  64
rgb 96 0 48      hue 330 255  96
rgb 128 0 64     hue 330 255 128
rgb 160 0 80     hue 330 255 160
rgb 192 0 96     hue 330 255 192
rgb 224 0 112    hue 330 255 224
rgb 255 0 128    hue 330 255 255
